,essentiality,mutation,expression,e0,e1,e2,e3,e4,e5,e6,e7,e8,e9,e10,e11,e12,e13,e14,e15,e16,e17,e18,e19,e20,e21,e22,e23,e24,e25,e26,e27,e28,e29,e30,e31
essentiality,1.0,-0.07731526716423502,-0.2425056468838271,-0.03494336288724635,0.1065308990873001,-0.04975239398572566,0.09419240239594033,0.027554810637812822,-0.1347240105481721,0.09666693829590556,-0.036414501534471656,-0.05541682075846718,0.01339453206310016,0.05291979238414884,-0.06746956850400157,-0.118845345970279,0.02912101923512355,0.07551856498791384,0.08830689514762691,-0.005076332382695331,0.05834098500105685,0.06570603852984276,-0.001687101473171514,0.06207168682140654,0.05756728927123929,-0.17118991958875712,0.06833640157185554,0.06982189470020764,0.08804260755798954,0.0562673157551051,0.05210792078373299,0.1052786487988584,-0.017655550062108803,0.0526231137840589,0.07663784531066929
mutation,-0.07731526716423502,1.0,-0.021545060987739485,-0.10954089871173936,-0.11642939969512292,-0.1678406717340395,-0.007071175630752893,-0.04164409201982385,-0.17914406310292924,-0.05267306629171395,-0.07392458345208486,-0.28072772881939784,0.184318581592196,-0.03471054064259534,-0.0376747330189461,0.05896789564250848,-0.07855296145521543,0.09612966079009569,-0.06884172161663243,-0.11508599150647517,-0.006566356946161127,0.1167004551350873,-0.07451477614536203,0.24549745238079135,-0.14835230466494675,-0.004026677310275381,-0.09014063521796548,0.05698073879949563,-0.031280957931469754,-0.03311591655268696,0.12988817513994597,-0.023451039855541207,0.05198312101039949,-0.21534755260418437,0.05760340520038761
expression,-0.2425056468838271,-0.021545060987739485,1.0,-0.04514146436532349,-0.05631781623430089,-0.009813900665414006,0.05342292620593822,0.09629480169046548,0.1731505882730246,-0.23931735617956396,-0.06640268753390782,0.04645492800282343,0.0639080407218971,0.1828036305359065,0.05283779029711258,-0.034726056010540546,0.12815395091933451,-0.12948896928605141,-0.05306269664083119,-0.06454553126279738,0.056760101051585125,0.13305289455102345,0.09641079492063896,-0.15335930903570977,-0.10274851785928096,0.12232004713158537,0.005677156231836603,0.06631942700893448,-0.10387611006203938,-0.01912875712179715,-0.16464932334671045,-0.01820826675840094,0.07109062630477818,-0.09340989401096328,0.0375043633394225
e0,-0.03494336288724635,-0.10954089871173936,-0.04514146436532349,1.0,-0.04031995801069839,-0.13512951961682815,-0.013779337180014712,0.08390723777727901,-0.007456315695956308,-0.043099148290502376,0.0541771289230539,0.13395206766917295,0.05338578683961146,0.06418666379880049,0.1178077052862255,-0.02292760625132483,-0.06459722456015661,0.06300723434830859,-0.12515360228930536,0.08571414933477975,-0.04407301485991097,0.053631484261025694,0.05365115213406651,0.04201846734373246,-0.12339907020349382,-0.15811040154802428,-0.11542187246723776,0.07697821395840347,0.17407840574695443,-0.05493340199067321,-0.02139990250813601,0.006633664774498435,-0.16080693610581176,0.03641384439020437,-0.12227502057382261
e1,0.1065308990873001,-0.11642939969512292,-0.05631781623430089,-0.04031995801069839,1.0,-0.09097849567949726,-0.03871406984501054,-0.023796411894163268,0.18688886395092208,-0.01977647009314331,-0.21877769478110698,-0.20016403532151272,0.14078706756006934,-0.10890750079489768,-0.11080974162707766,-0.018082042403895313,-0.1543968265657926,0.2771209156286238,0.05778800039589022,-0.0744416525611292,0.020324686482998542,-0.029021909562463373,-0.06334800776817666,0.1278718211885435,-0.1427364080287784,-0.25097490889849,0.04666757651279941,0.040588430809611095,0.01699287670357486,0.09064686942792304,-0.27203107660319953,0.22440535612975224,0.18460843300726942,-0.003516954700183296,-0.011860769772690433
e2,-0.04975239398572566,-0.1678406717340395,-0.009813900665414006,-0.13512951961682815,-0.09097849567949726,1.0,-0.03418172101584807,-0.05672387981770346,-0.14784699622189804,0.1598923848801107,0.04385503170239031,0.1835979387991122,-0.20618313507649721,0.11253854669322559,0.15352590704061148,0.0934144869325054,0.13755129817703463,-0.20966479670881183,-0.057316711788800365,0.05404215217770795,0.09006696428571428,-0.1096542760040649,-0.08028262119851869,-0.004583832092669483,0.11049309763837456,0.2305914331070213,0.1595296835839599,-0.13924122534258532,0.17645032785633236,-0.1419380229179915,0.17266146164540705,-0.10996768585019764,-0.002110424148056709,0.05175456130999139,0.008677370119951622
e3,0.09419240239594033,-0.007071175630752893,0.05342292620593822,-0.013779337180014712,-0.03871406984501054,-0.03418172101584807,1.0,-0.0555787790371451,-0.0877122259940897,-0.019989553329842015,0.1185355529682415,0.06770602462312497,-0.040424395488098355,0.19240371022394293,0.019172114053791194,0.026590048660207734,0.008198736502325468,-0.07770021680444894,0.08539335551253757,0.04990740805683362,0.023372524906794347,0.06414167804461403,-0.0041363222265863656,-0.06375365886731756,-0.10693680719210963,-0.027804449712589933,0.07149595264591828,0.045049618760832424,-0.029685201031184928,-0.17264154049614083,-0.022437351151510614,-0.039828777478522176,-0.13821662559695258,-0.17095716592476212,0.038348465613661016
e4,0.027554810637812822,-0.04164409201982385,0.09629480169046548,0.08390723777727901,-0.023796411894163268,-0.05672387981770346,-0.0555787790371451,1.0,-0.010971166255190214,-0.02796746218780783,-0.07990000849449495,0.12904403226661182,-0.0466205840315964,0.09563632339555356,-0.04366264892642053,0.007962536939363335,-0.022378854084838966,-0.027517322145537974,0.07773869530792155,-0.12837443811643537,0.06377049199491265,0.08783399341014228,-0.16890699229416825,0.02568856064290078,-0.04891227602588561,0.07236546941046647,-0.1614587035062781,0.019602820016459053,-0.08407118542625219,0.09210110358296238,-0.11208212345228744,-0.06247167202832953,0.05926235052806145,0.027920713241436926,0.05208344048865946
e5,-0.1347240105481721,-0.17914406310292924,0.1731505882730246,-0.007456315695956308,0.18688886395092208,-0.14784699622189804,-0.0877122259940897,-0.010971166255190214,1.0,-0.05005012920984052,0.11887542043853415,0.17416604906233246,-0.05376029470442275,-0.1330823853009389,-0.04276277798039876,0.11682891931320838,-0.14280718899238146,0.08042793356213918,0.12209245712228331,0.02994319209092383,-0.10902179656230127,-0.027227895609670944,-0.011225260757615431,0.040817519155475754,-0.13239814983665632,0.03241509986097084,0.030879476365041958,0.11197731580194266,-0.04066948894312897,0.09219537104577363,0.016465389998628413,0.1337301197645856,0.033967020707864184,0.03546101923028965,-0.12699502760321202
e6,0.09666693829590556,-0.05267306629171395,-0.23931735617956396,-0.043099148290502376,-0.01977647009314331,0.1598923848801107,-0.019989553329842015,-0.02796746218780783,-0.05005012920984052,1.0,-0.05262118488073417,-0.0008392210314343068,-0.108342918864325,-0.06293616114290701,0.0489041419624933,0.0574433693842816,0.1066285602844175,-0.05312882836756069,-0.032662930647514306,-0.07267774925497825,0.06040245397386501,-0.11247702979463585,-0.017062362061871096,-0.05426977931457998,0.06973071476888738,-0.033702200931433064,0.030407038273544556,0.06855248350976945,-0.10387122969114329,0.046425678234766024,0.1719593117588748,-0.08440323055773763,-0.03017211483310266,-0.015349133483584583,0.11667972013366751
e7,-0.036414501534471656,-0.07392458345208486,-0.06640268753390782,0.0541771289230539,-0.21877769478110698,0.04385503170239031,0.1185355529682415,-0.07990000849449495,0.11887542043853415,-0.05262118488073417,1.0,0.06728054004725745,-0.10044586357061808,0.11095858037506702,-0.15496723384954925,-0.01215912916619908,-0.025935232203643438,-0.08056566712178456,0.024804626616291972,0.06812383298108456,0.12527856488235514,0.050526571013977735,0.05647627308320552,-0.06906569907355453,0.12192958102657141,0.15788629105412788,0.016620589876432376,-0.003401226947966931,-0.06935711285365154,0.04201075216025137,0.12671333573361265,-0.04873332663125475,-0.12067955569894886,0.20730743798239382,-0.004384630341400767
e8,-0.05541682075846718,-0.28072772881939784,0.04645492800282343,0.13395206766917295,-0.20016403532151272,0.1835979387991122,0.06770602462312497,0.12904403226661182,0.17416604906233246,-0.0008392210314343068,0.06728054004725745,1.0,-0.06437879329854487,0.14472883467998354,0.1117188766381127,-0.018600479354480733,0.08797401619720945,-0.16464497687003576,0.014469232393795434,-0.06952840551316102,0.054394342510505116,0.0448177346350952,-0.10064648756530631,-0.11033650474133093,0.14245526167720296,0.2004367845920772,-0.27096885559670325,-0.10048879389082159,-0.16847586745158916,0.19734525601940173,-0.07744528454220127,-0.2674360419082532,-0.027013604440204987,0.021070731087669423,-0.11486524925497824
e9,0.01339453206310016,0.184318581592196,0.0639080407218971,0.05338578683961146,0.14078706756006934,-0.20618313507649721,-0.040424395488098355,-0.0466205840315964,-0.05376029470442275,-0.108342918864325,-0.10044586357061808,-0.06437879329854487,1.0,-0.044808431604508786,-0.012313481542787318,-0.118601482717989,-0.07019544741829699,0.13202209309031285,-0.06520601293345304,-0.1116702768270178,-0.0632480610730807,0.058851517007693366,-0.01306478649983167,0.01980235297509944,-0.024895601488173172,-0.22289009214578737,0.14726712030386913,0.053254278030274695,0.06791321431688674,0.15091764898876545,-0.10841866793850297,0.13099624644633973,0.1321762506390354,-0.12091446939799748,-0.0819235686386364
e10,0.05291979238414884,-0.03471054064259534,0.1828036305359065,0.06418666379880049,-0.10890750079489768,0.11253854669322559,0.19240371022394293,0.09563632339555356,-0.1330823853009389,-0.06293616114290701,0.11095858037506702,0.14472883467998354,-0.044808431604508786,1.0,0.09017225900572326,0.05187928036820908,-0.0002720965972144284,-0.011948452053641562,-0.037445078024663646,-0.022546678808339254,0.1482561639640145,0.030371219170438536,0.06153228999114702,-0.2138746274891208,0.05837550382486066,0.035151486458684024,-0.12843919889898878,-0.041536852859761345,-0.00901143171984688,-0.010551701860372324,0.11760539603049913,0.04325632567114303,-0.055519239641392035,0.024029679297746853,-0.03975035926258432
e11,-0.06746956850400157,-0.0376747330189461,0.05283779029711258,0.1178077052862255,-0.11080974162707766,0.15352590704061148,0.019172114053791194,-0.04366264892642053,-0.04276277798039876,0.0489041419624933,-0.15496723384954925,0.1117188766381127,-0.012313481542787318,0.09017225900572326,1.0,-0.06627445869025798,0.15995901601017468,0.014950262394169503,-0.09086520327560194,-0.09788079885659422,0.007601433231711119,-0.1387845390840285,-0.06341670407361688,-0.021828932951158994,0.08049642529832043,-0.07509784255414656,-0.0032350680027182395,-0.06288910047195102,-0.060345184322747165,-0.048006755071759,0.027338616285739224,0.03908526563610519,0.014773387916308185,-0.06011245269579421,0.01778338102719485
e12,-0.118845345970279,0.05896789564250848,-0.034726056010540546,-0.02292760625132483,-0.018082042403895313,0.0934144869325054,0.026590048660207734,0.007962536939363335,0.11682891931320838,0.0574433693842816,-0.01215912916619908,-0.018600479354480733,-0.118601482717989,0.05187928036820908,-0.06627445869025798,1.0,0.01357734939026671,-0.045888859275053304,0.07387140113966509,-0.03986568761767603,0.001051369094377736,0.0653444965803813,-0.0886470490592152,0.08217507193044801,-0.0777936172832579,0.11350055798700733,0.10272837917243358,0.032362749613461514,-0.12577128455467027,0.03496212351463235,-0.005921929356974527,-0.15632545683237944,0.03745329976059552,-0.16867527377211686,-0.04114020280801506
e13,0.02912101923512355,-0.07855296145521543,0.12815395091933451,-0.06459722456015661,-0.1543968265657926,0.13755129817703463,0.008198736502325468,-0.022378854084838966,-0.14280718899238146,0.1066285602844175,-0.025935232203643438,0.08797401619720945,-0.07019544741829699,-0.0002720965972144284,0.15995901601017468,0.01357734939026671,1.0,-0.1762623968970935,-0.07040200392149529,-0.09103678817690994,0.07826143795433858,-0.07694721684497313,-0.07614836414730856,-0.015760395625257172,0.22291598476913677,0.06750850813289443,0.07986675137782266,-0.0023683470180426184,-0.052250407969550744,0.16259722884636965,0.0034807654241324724,-0.20019708786892604,0.001920369565081858,0.011864442277958577,0.09456644565393584
e14,0.07551856498791384,0.09612966079009569,-0.12948896928605141,0.06300723434830859,0.2771209156286238,-0.20966479670881183,-0.07770021680444894,-0.027517322145537974,0.08042793356213918,-0.05312882836756069,-0.08056566712178456,-0.16464497687003576,0.13202209309031285,-0.011948452053641562,0.014950262394169503,-0.045888859275053304,-0.1762623968970935,1.0,0.08416967091235551,0.01755283147233756,-0.039052894986221776,-0.09827888089315329,-0.005823882233568998,0.13339267790122072,-0.16794456212047532,-0.1622185711480193,0.027092334380727938,0.1031222821512737,0.05489709581790296,0.01366675589782915,-0.0989442375372511,0.14881293329717327,0.012267472942306012,-0.07910354243818501,-0.08905356714235839
e15,0.08830689514762691,-0.06884172161663243,-0.05306269664083119,-0.12515360228930536,0.05778800039589022,-0.057316711788800365,0.08539335551253757,0.07773869530792155,0.12209245712228331,-0.032662930647514306,0.024804626616291972,0.014469232393795434,-0.06520601293345304,-0.037445078024663646,-0.09086520327560194,0.07387140113966509,-0.07040200392149529,0.08416967091235551,1.0,-0.11257923649297373,-0.1125551947343483,-0.02112281831756007,0.020597503943316,0.020745953035574007,-0.013267797135874513,-0.009873827525904308,0.10078200982867616,0.014501495888352721,0.06140467773912393,0.054715866937243604,0.01645338860210227,0.1321531927611317,0.040970176529632536,-0.009036895721891794,-0.09478122389306601
e16,-0.005076332382695331,-0.11508599150647517,-0.06454553126279738,0.08571414933477975,-0.0744416525611292,0.05404215217770795,0.04990740805683362,-0.12837443811643537,0.02994319209092383,-0.07267774925497825,0.06812383298108456,-0.06952840551316102,-0.1116702768270178,-0.022546678808339254,-0.09788079885659422,-0.03986568761767603,-0.09103678817690994,0.01755283147233756,-0.11257923649297373,1.0,0.02740087353021858,-0.0388113571397399,-0.016831374144316014,0.013451198347236251,0.0255915948141498,-0.14551285123567625,0.0050960345515530135,-0.10293853999114702,0.074646786820908,-0.14171596785807805,-0.02843076285240464,-0.013362239943764884,-0.09884537213680968,0.07241273465068143,0.008957074745321016
e17,0.05834098500105685,-0.006566356946161127,0.056760101051585125,-0.04407301485991097,0.020324686482998542,0.09006696428571428,0.023372524906794347,0.06377049199491265,-0.10902179656230127,0.06040245397386501,0.12527856488235514,0.054394342510505116,-0.0632480610730807,0.1482561639640145,0.007601433231711119,0.001051369094377736,0.07826143795433858,-0.039052894986221776,-0.1125551947343483,0.02740087353021858,1.0,-0.013978909104228233,0.04028169381787803,0.10575601394655793,0.12262895461601764,0.10461505325814537,0.0015410689347747477,0.0086279812560007,0.015643430716093715,-0.04067862637002955,-0.03160672008067432,-0.07799574145251187,-0.03653815430990412,0.07058353478534644,-0.08873447806394094
e18,0.06570603852984276,0.1167004551350873,0.13305289455102345,0.053631484261025694,-0.029021909562463373,-0.1096542760040649,0.06414167804461403,0.08783399341014228,-0.027227895609670944,-0.11247702979463585,0.050526571013977735,0.0448177346350952,0.058851517007693366,0.030371219170438536,-0.1387845390840285,0.0653444965803813,-0.07694721684497313,-0.09827888089315329,-0.02112281831756007,-0.0388113571397399,-0.013978909104228233,1.0,-0.15983524186710557,0.13497857672788938,-0.05314327485380117,0.020289812295041086,-0.009201116129876938,-0.0002620824449182692,-0.16349863893253036,0.1195947833669996,-0.040309924375615654,-0.1101097445884612,-0.026288328486016036,-0.08673580717964063,-0.03096716838738638
e19,-0.001687101473171514,-0.07451477614536203,0.09641079492063896,0.05365115213406651,-0.06334800776817666,-0.08028262119851869,-0.0041363222265863656,-0.16890699229416825,-0.011225260757615431,-0.017062362061871096,0.05647627308320552,-0.10064648756530631,-0.01306478649983167,0.06153228999114702,-0.06341670407361688,-0.0886470490592152,-0.07614836414730856,-0.005823882233568998,0.020597503943316,-0.016831374144316014,0.04028169381787803,-0.15983524186710557,1.0,-0.10007206682751656,-0.08741822100337909,-0.07416117836569035,-0.010393345771144279,0.09818262618611204,0.15116314184092072,-0.045601624552675225,0.06920037383570868,0.07090340317522661,-0.0904984982668113,-0.005100388954351052,-0.04284397249342261
e20,0.06207168682140654,0.24549745238079135,-0.15335930903570977,0.04201846734373246,0.1278718211885435,-0.004583832092669483,-0.06375365886731756,0.02568856064290078,0.040817519155475754,-0.05426977931457998,-0.06906569907355453,-0.11033650474133093,0.01980235297509944,-0.2138746274891208,-0.021828932951158994,0.08217507193044801,-0.015760395625257172,0.13339267790122072,0.020745953035574007,0.013451198347236251,0.10575601394655793,0.13497857672788938,-0.10007206682751656,1.0,-0.04836569619010212,-0.10243510478621928,-0.0992127590431302,0.075953692143917,-0.019344010679684286,0.09730134181847655,-0.02592079545879624,-0.03741732479519695,-0.01594129329854487,-0.05457533759772566,-0.03449481913739573
e21,0.05756728927123929,-0.14835230466494675,-0.10274851785928096,-0.12339907020349382,-0.1427364080287784,0.11049309763837456,-0.10693680719210963,-0.04891227602588561,-0.13239814983665632,0.06973071476888738,0.12192958102657141,0.14245526167720296,-0.024895601488173172,0.05837550382486066,0.08049642529832043,-0.0777936172832579,0.22291598476913677,-0.16794456212047532,-0.013267797135874513,0.0255915948141498,0.12262895461601764,-0.05314327485380117,-0.08741822100337909,-0.04836569619010212,1.0,0.06908603910273195,-0.04194205585481116,-0.17894733919687278,-0.015321243874611902,0.04663839129851993,0.06037615221199766,-0.12043636181560866,0.06216686383246674,0.18935140050062965,0.0008473550948266163
e22,-0.17118991958875712,-0.004026677310275381,0.12232004713158537,-0.15811040154802428,-0.25097490889849,0.2305914331070213,-0.027804449712589933,0.07236546941046647,0.03241509986097084,-0.033702200931433064,0.15788629105412788,0.2004367845920772,-0.22289009214578737,0.035151486458684024,-0.07509784255414656,0.11350055798700733,0.06750850813289443,-0.1622185711480193,-0.009873827525904308,-0.14551285123567625,0.10461505325814537,0.020289812295041086,-0.07416117836569035,-0.10243510478621928,0.06908603910273195,1.0,-0.16976718654534345,0.028400243067245222,-0.2257174243912019,0.17731844186024764,0.09107867616803203,-0.29015152932081445,-0.03310434240140152,-0.0430987001864113,-0.1522475927068916
e23,0.06833640157185554,-0.09014063521796548,0.005677156231836603,-0.11542187246723776,0.04666757651279941,0.1595296835839599,0.07149595264591828,-0.1614587035062781,0.030879476365041958,0.030407038273544556,0.016620589876432376,-0.27096885559670325,0.14726712030386913,-0.12843919889898878,-0.0032350680027182395,0.10272837917243358,0.07986675137782266,0.027092334380727938,0.10078200982867616,0.0050960345515530135,0.0015410689347747477,-0.009201116129876938,-0.010393345771144279,-0.0992127590431302,-0.04194205585481116,-0.16976718654534345,1.0,-0.0301024541297273,-0.05733422681392536,-0.10408655344829736,-0.0413625208855472,0.1952818535767279,0.08472031290913852,0.06523054176174266,0.12103507758824925
e24,0.06982189470020764,0.05698073879949563,0.06631942700893448,0.07697821395840347,0.040588430809611095,-0.13924122534258532,0.045049618760832424,0.019602820016459053,0.11197731580194266,0.06855248350976945,-0.003401226947966931,-0.10048879389082159,0.053254278030274695,-0.041536852859761345,-0.06288910047195102,0.032362749613461514,-0.0023683470180426184,0.1031222821512737,0.014501495888352721,-0.10293853999114702,0.0086279812560007,-0.0002620824449182692,0.09818262618611204,0.075953692143917,-0.17894733919687278,0.028400243067245222,-0.0301024541297273,1.0,-0.08300003156211425,0.1704047217702216,-0.04757719859349867,-0.042194396906445206,0.10038573969126798,-0.04310652252521852,0.10395240472138056
e25,0.08804260755798954,-0.031280957931469754,-0.10387611006203938,0.17407840574695443,0.01699287670357486,0.17645032785633236,-0.029685201031184928,-0.08407118542625219,-0.04066948894312897,-0.10387122969114329,-0.06935711285365154,-0.16847586745158916,0.06791321431688674,-0.00901143171984688,-0.060345184322747165,-0.12577128455467027,-0.052250407969550744,0.05489709581790296,0.06140467773912393,0.074646786820908,0.015643430716093715,-0.16349863893253036,0.15116314184092072,-0.019344010679684286,-0.015321243874611902,-0.2257174243912019,-0.05733422681392536,-0.08300003156211425,1.0,-0.18130233076472274,-0.042407295056671526,0.09136235528186137,0.030542170881183058,0.03743262852404644,0.10437131385678125
e26,0.0562673157551051,-0.03311591655268696,-0.01912875712179715,-0.05493340199067321,0.09064686942792304,-0.1419380229179915,-0.17264154049614083,0.09210110358296238,0.09219537104577363,0.046425678234766024,0.04201075216025137,0.19734525601940173,0.15091764898876545,-0.010551701860372324,-0.048006755071759,0.03496212351463235,0.16259722884636965,0.01366675589782915,0.054715866937243604,-0.14171596785807805,-0.04067862637002955,0.1195947833669996,-0.045601624552675225,0.09730134181847655,0.04663839129851993,0.17731844186024764,-0.10408655344829736,0.1704047217702216,-0.18130233076472274,1.0,0.09323763193743065,-0.15989789850870958,0.10303531099203231,0.056094254604172125,-0.03491673836332124
e27,0.05210792078373299,0.12988817513994597,-0.16464932334671045,-0.02139990250813601,-0.27203107660319953,0.17266146164540705,-0.022437351151510614,-0.11208212345228744,0.016465389998628413,0.1719593117588748,0.12671333573361265,-0.07744528454220127,-0.10841866793850297,0.11760539603049913,0.027338616285739224,-0.005921929356974527,0.0034807654241324724,-0.0989442375372511,0.01645338860210227,-0.02843076285240464,-0.03160672008067432,-0.040309924375615654,0.06920037383570868,-0.02592079545879624,0.06037615221199766,0.09107867616803203,-0.0413625208855472,-0.04757719859349867,-0.042407295056671526,0.09323763193743065,1.0,-0.17233533928103842,-0.12111205407798102,0.052494556509432785,0.14249023327909327
e28,0.1052786487988584,-0.023451039855541207,-0.01820826675840094,0.006633664774498435,0.22440535612975224,-0.10996768585019764,-0.039828777478522176,-0.06247167202832953,0.1337301197645856,-0.08440323055773763,-0.04873332663125475,-0.2674360419082532,0.13099624644633973,0.04325632567114303,0.03908526563610519,-0.15632545683237944,-0.20019708786892604,0.14881293329717327,0.1321531927611317,-0.013362239943764884,-0.07799574145251187,-0.1101097445884612,0.07090340317522661,-0.03741732479519695,-0.12043636181560866,-0.29015152932081445,0.1952818535767279,-0.042194396906445206,0.09136235528186137,-0.15989789850870958,-0.17233533928103842,1.0,0.07722355094826619,0.03812765745208793,-0.011596631893789199
e29,-0.017655550062108803,0.05198312101039949,0.07109062630477818,-0.16080693610581176,0.18460843300726942,-0.002110424148056709,-0.13821662559695258,0.05926235052806145,0.033967020707864184,-0.03017211483310266,-0.12067955569894886,-0.027013604440204987,0.1321762506390354,-0.055519239641392035,0.014773387916308185,0.03745329976059552,0.001920369565081858,0.012267472942306012,0.040970176529632536,-0.09884537213680968,-0.03653815430990412,-0.026288328486016036,-0.0904984982668113,-0.01594129329854487,0.06216686383246674,-0.03310434240140152,0.08472031290913852,0.10038573969126798,0.030542170881183058,0.10303531099203231,-0.12111205407798102,0.07722355094826619,1.0,0.04878101075138094,-0.037175991517974044
e30,0.0526231137840589,-0.21534755260418437,-0.09340989401096328,0.03641384439020437,-0.003516954700183296,0.05175456130999139,-0.17095716592476212,0.027920713241436926,0.03546101923028965,-0.015349133483584583,0.20730743798239382,0.021070731087669423,-0.12091446939799748,0.024029679297746853,-0.06011245269579421,-0.16867527377211686,0.011864442277958577,-0.07910354243818501,-0.009036895721891794,0.07241273465068143,0.07058353478534644,-0.08673580717964063,-0.005100388954351052,-0.05457533759772566,0.18935140050062965,-0.0430987001864113,0.06523054176174266,-0.04310652252521852,0.03743262852404644,0.056094254604172125,0.052494556509432785,0.03812765745208793,0.04878101075138094,1.0,-0.026006695064776368
e31,0.07663784531066929,0.05760340520038761,0.0375043633394225,-0.12227502057382261,-0.011860769772690433,0.008677370119951622,0.038348465613661016,0.05208344048865946,-0.12699502760321202,0.11667972013366751,-0.004384630341400767,-0.11486524925497824,-0.0819235686386364,-0.03975035926258432,0.01778338102719485,-0.04114020280801506,0.09456644565393584,-0.08905356714235839,-0.09478122389306601,0.008957074745321016,-0.08873447806394094,-0.03096716838738638,-0.04284397249342261,-0.03449481913739573,0.0008473550948266163,-0.1522475927068916,0.12103507758824925,0.10395240472138056,0.10437131385678125,-0.03491673836332124,0.14249023327909327,-0.011596631893789199,-0.037175991517974044,-0.026006695064776368,1.0
