,essentiality,mutation,expression,e0,e1,e2,e3,e4,e5,e6,e7,e8,e9,e10,e11,e12,e13,e14,e15,e16,e17,e18,e19,e20,e21,e22,e23,e24,e25,e26,e27,e28,e29,e30,e31,label
essentiality,1.0,-0.14782462341941702,-0.19258700773040277,-0.009083727389956605,0.15507242946454447,-0.09655238379769598,0.07938293587535994,0.14526200822937868,0.0516494018420674,0.08357487656996128,-0.023011305171327195,-0.047712272449090404,0.08551373090783398,-0.24440086561486551,-0.2637500274545207,0.03421017467642306,0.06991370620085838,0.023546700087082068,0.0363649008535655,-0.018527042931266356,-0.035676017235081445,0.22955781451743223,0.040606201570926204,-0.18765783809390862,-0.03741770971500281,-0.15642866674595657,0.09783833572835801,0.08803868221318312,0.3153100478618723,0.14689706272024006,-0.025722135463952727,0.07500403228394723,-0.07073279114572797,0.02303669840643014,0.049012593995139006,-0.18429580261887293
mutation,-0.14782462341941702,1.0,0.09227901118368675,0.1044346152815026,-0.015289052597517588,0.0945579975511949,0.10694238514064927,0.0465500469085935,0.07962757709376253,-0.12948728078718683,-0.05485943966059893,0.03218060905393659,-0.03375753866776525,0.0118839371573968,0.1282596470458379,0.07496417448150192,0.09571179067099383,-0.022410260931518676,-0.053986821854434666,0.07327798525789037,-0.01167274495412003,0.10158732316265043,-0.03489974778574768,0.10428379812715463,-0.05198002452097684,-0.04870838678912148,-0.04258420557126229,-0.08669661289764172,0.02361628964594478,-0.061255857719078266,-0.10450645502563635,0.02567242581720277,-0.05459596618463835,-0.2099575285187908,-0.04043165251749848,0.1652867703105516
expression,-0.19258700773040277,0.09227901118368675,1.0,0.02357196929638429,0.005494446786932804,-0.014488745404816431,0.06548116676061891,-0.05652874919221605,0.04994544626560435,-0.21635933719142436,-0.029175529145974283,-0.0322426342242569,0.05332652610336032,0.13753864601542853,-0.019617588524750918,-0.11931004757309752,-0.07855300330710474,-0.03475078403024385,0.010673893690579285,-0.06674628596937639,-0.04541752826217281,0.13701021302372807,0.09558726215767921,0.07170065045885284,-0.04707433171637492,0.052714633786040216,0.000629157603233974,-0.07468177742672613,0.014923649802855161,-0.14180587377908005,-0.15705461225864054,0.03616415509414697,0.0808010867184577,-0.060568774859429186,0.13770150524007138,0.20591762124340782
e0,-0.009083727389956605,0.1044346152815026,0.02357196929638429,1.0,0.20973865184385632,-0.04408162624355921,-0.0593065638305756,0.09229572225644195,-0.10687114117323093,0.0448104189396453,-0.07738654733684094,0.007763839758359776,0.08260648549872493,-0.06464672008463265,0.0937649498669584,0.02154623102186408,-0.1502897352250977,-0.005022774983607153,0.13384690877257388,-0.034790688053369274,-0.008911048207055459,0.014453760310449188,0.12304877767612901,0.14465065522137133,-0.11691280080687567,-0.09100354616893455,0.00891356541683427,0.07945465595959077,0.0585996559184134,-0.01366012520566972,-0.012570559601601299,-0.005021719277176557,0.03350098969214839,-0.05751206429425562,-0.03225184937829751,-0.01935421240064243
e1,0.15507242946454447,-0.015289052597517588,0.005494446786932804,0.20973865184385632,1.0,-0.036596279597797675,0.026252765055896528,-0.033674807929876,0.12686014765508855,-0.03650279816250488,-0.14245284107839143,-0.29393393357598496,0.08725272439030025,-0.1955285701144445,0.04837036847519115,-0.059720233028664665,-0.06404365995689301,0.04292063095790722,-0.06394065132958174,-0.11900601306207786,0.05888257296069301,0.10483446032437124,0.029714426707068163,0.17490442872044967,-0.0926627492541148,-0.05524940266523912,-0.0948657980217594,-0.01664029917845233,-0.03456768121651739,-0.015522221584702093,-0.12077364016360123,0.1745420976835187,0.16474787858066425,-0.005651733359026174,-0.008933185416594235,0.14837942200436705
e2,-0.09655238379769598,0.0945579975511949,-0.014488745404816431,-0.04408162624355921,-0.036596279597797675,1.0,0.04102994190536533,-0.07697884902027297,-0.19949545877866937,0.17895362881105797,0.1319143383193644,0.32539214825527973,-0.2314151019760995,0.015614454933173096,-0.027980901575622292,0.021066367549575086,0.09514503276024949,-0.2185060475296865,-0.12307423167216747,0.09729947787362615,0.0033253329881120924,-0.03409892652907712,0.01771848130719316,0.06899622899247637,-0.06530360275572211,0.09010620534717317,0.027156414286513768,-0.12554690632237267,0.09527138047746048,-0.09603622133966395,0.14542008226161743,-0.09283300694462843,-0.03638422140067642,0.02115936835066715,-0.033521940992009086,-0.3736421989986856
e3,0.07938293587535994,0.10694238514064927,0.06548116676061891,-0.0593065638305756,0.026252765055896528,0.04102994190536533,1.0,0.10719514886481615,0.0023474446366660018,0.14704470840195888,0.2290766161560619,0.06470285925016121,-0.27918227290371117,0.09234028773275726,-0.05916003053092392,0.24180865117962635,0.029965847654551944,-0.04731405735033514,0.044952497458836026,0.04674195457865351,0.22927320779440352,0.2006511471359867,0.11179546742497762,-0.007741674266474414,-0.04060132462990416,-0.02856063106407829,0.13989926366553296,0.09510017612350183,0.039643504103094,0.03142232365789841,-0.08984652537234689,-0.07075622957263591,0.050222843373044675,-0.20445365751860467,-0.002382826008857763,-0.08570457825303932
e4,0.14526200822937868,0.0465500469085935,-0.05652874919221605,0.09229572225644195,-0.033674807929876,-0.07697884902027297,0.10719514886481615,1.0,0.2335480535857225,0.03933911048370045,0.08039505707536279,0.08557548718495323,0.01690748172744929,-0.007886894305490515,-0.041914282331444036,0.15248478742953234,-0.001348550726091401,-0.0027811013219055936,0.04573187759080354,-0.04458712213308286,0.018928527666421807,0.17819877487845384,0.09192187932599592,-0.20483977628719438,-0.1651330339405423,-0.06404793421849894,0.17496730693575713,0.10550964453989999,0.054253009136993255,0.128028223848892,-0.16489927585248215,0.06885526295691426,0.19761417428762074,0.10027261832075793,-0.06454891591926437,0.01375970962678126
e5,0.0516494018420674,0.07962757709376253,0.04994544626560435,-0.10687114117323093,0.12686014765508855,-0.19949545877866937,0.0023474446366660018,0.2335480535857225,1.0,-0.05917565964042813,0.07679684659192051,0.10507552315463092,-0.027226823641626673,-0.01012421444213454,0.060270556887808246,0.07598687560946776,-0.05673637253572575,-0.032491341061120754,-0.02608389706284276,-0.057591288578151434,-0.01506942100236082,0.11498906689375346,0.06554992590918722,-0.12020864307777093,-0.02551525042001028,0.08775236303289177,0.18397921291468738,0.126108779676944,0.024216464847072593,0.12119654086654574,-0.12021454836245421,0.154284311509157,-0.06790561903010023,-0.06829151271527527,-0.09111721340514166,0.13686974665732685
e6,0.08357487656996128,-0.12948728078718683,-0.21635933719142436,0.0448104189396453,-0.03650279816250488,0.17895362881105797,0.14704470840195888,0.03933911048370045,-0.05917565964042813,1.0,-0.01539553133064913,-0.04642364766526831,0.013120540100883968,-0.05855356971068064,0.046366670377371876,0.14445315774120532,0.06383393937504678,-0.0800654922273423,-0.004315253968851896,0.019623166772494604,0.11315163061094272,0.014896841328049394,-0.0009357902919547578,-0.007138520507158012,0.08893864626011286,-0.09576332875553414,0.03754795220201542,-0.022082974901074786,0.024122969210480766,0.022614088365637403,0.022358959553906235,-0.030371678028545082,0.02109199586594528,0.0515668320170011,0.01865727473084456,-0.31116366949306196
e7,-0.023011305171327195,-0.05485943966059893,-0.029175529145974283,-0.07738654733684094,-0.14245284107839143,0.1319143383193644,0.2290766161560619,0.08039505707536279,0.07679684659192051,-0.01539553133064913,1.0,0.14205998010729048,-0.2617821463447555,-0.05943518779287532,-0.1341319340463628,0.13441861305468036,0.060667791699431636,-0.14231757612312682,-0.025543890989859604,0.040039192069466295,0.16615114609060122,-0.05670414343117049,0.03496982820308407,0.01409419586025269,0.004099200760678483,0.06908891192123698,0.16461368254540826,0.011804583412941792,-0.16716179738423687,0.09748494416238501,-0.1586949657809597,-0.08921040589761611,-0.09987099106987904,-0.08924542871448858,0.14101951534751625,-0.223138459791221
e8,-0.047712272449090404,0.03218060905393659,-0.0322426342242569,0.007763839758359776,-0.29393393357598496,0.32539214825527973,0.06470285925016121,0.08557548718495323,0.10507552315463092,-0.04642364766526831,0.14205998010729048,1.0,-0.14966023987425112,0.08036413186279155,-0.07474498181143141,0.07583821420572706,-0.04179889498221945,-0.1908918957468142,-0.018523887274336362,-0.08527578807614544,0.17867617116822465,0.055427744639941726,-0.08572350242181714,-0.06461202390868456,0.03570840064972903,-0.07462211687272068,0.10618902185886514,0.08110901508407155,-0.2190915957304449,0.22445428069253748,-0.20530513360446484,-0.28721572619939595,-0.033191281078667825,-0.061346959975469385,0.12900285033083148,-0.3411814652111385
e9,0.08551373090783398,-0.03375753866776525,0.05332652610336032,0.08260648549872493,0.08725272439030025,-0.2314151019760995,-0.27918227290371117,0.01690748172744929,-0.027226823641626673,0.013120540100883968,-0.2617821463447555,-0.14966023987425112,1.0,-0.04608196696713415,0.03496453352769641,-0.05188590539461577,0.028760097151159156,0.2771623401397867,0.12084487581805514,-0.11622461216051597,-0.31089121888915333,-0.04593274726007028,0.06935594916323319,-0.09949517036091902,-0.13737625363403524,-0.07304827836653585,0.07552428431252792,-0.07460486607848615,0.14976411400874204,0.14674766527924565,0.12470569483514655,0.11471117218201168,-0.057021133940233865,0.012745243371564295,-0.08580691394827292,0.11890897789606408
e10,-0.24440086561486551,0.0118839371573968,0.13753864601542853,-0.06464672008463265,-0.1955285701144445,0.015614454933173096,0.09234028773275726,-0.007886894305490515,-0.01012421444213454,-0.05855356971068064,-0.05943518779287532,0.08036413186279155,-0.04608196696713415,1.0,0.07103782944625009,-0.07542688438751001,-0.048194456663986855,-0.005480308817688177,-0.025118639059485776,-0.017093701100787253,0.006201412156844997,-0.024589275715309163,-0.06709418026294289,-0.1174655584956118,0.13183960386817803,0.06613120925623121,-0.026070339645795075,-0.008103071190087532,-0.026045834854125132,-0.04339040710137204,0.11697923919848578,-0.03869880863498786,-0.023427596258587275,0.11733946540461326,-0.12412875054312386,0.2176499312653394
e11,-0.2637500274545207,0.1282596470458379,-0.019617588524750918,0.0937649498669584,0.04837036847519115,-0.027980901575622292,-0.05916003053092392,-0.041914282331444036,0.060270556887808246,0.046366670377371876,-0.1341319340463628,-0.07474498181143141,0.03496453352769641,0.07103782944625009,1.0,-0.11205855596729179,-0.032892826817353574,-0.020744057041310368,0.041833128085484325,-0.08914044005250714,0.08751464961528235,-0.09240704234314812,-0.07895134801747944,-0.02400942718448651,0.0982537818051877,-0.10356213754915808,-0.023841417926961914,-0.17799993452049184,-0.1711098616622348,-0.18141263720457365,0.007996638295460485,0.009489001729976056,0.04485945764124736,0.08002426833038431,0.001020247010868447,0.0323708893838885
e12,0.03421017467642306,0.07496417448150192,-0.11931004757309752,0.02154623102186408,-0.059720233028664665,0.021066367549575086,0.24180865117962635,0.15248478742953234,0.07598687560946776,0.14445315774120532,0.13441861305468036,0.07583821420572706,-0.05188590539461577,-0.07542688438751001,-0.11205855596729179,1.0,0.08349622968747682,0.08923910644758881,0.09794437980604354,-0.09776090835047238,0.02659665154586239,0.08854380068008322,0.15790395729514417,0.05936757181343448,-0.06859871674861814,-0.026766826091537556,0.036105058849460366,0.14504657456798717,0.033910168091029015,0.10777204838127658,-0.11128415410515025,-0.0015224411090542928,0.04877343161431112,-0.07698937872912068,-0.002494660941841368,-0.18433633427110183
e13,0.06991370620085838,0.09571179067099383,-0.07855300330710474,-0.1502897352250977,-0.06404365995689301,0.09514503276024949,0.029965847654551944,-0.001348550726091401,-0.05673637253572575,0.06383393937504678,0.060667791699431636,-0.04179889498221945,0.028760097151159156,-0.048194456663986855,-0.032892826817353574,0.08349622968747682,1.0,-0.12930259874296024,-0.029139702403293114,0.17864073453265356,-0.07931185927460774,-0.073986953488057,-0.12868769986038217,-0.09929585101583435,0.10050690216668468,0.02486929223081416,-0.16681015186970308,-0.0980184657938733,0.0318137545715832,-0.0024583064322600302,0.20945270515791659,-0.0018579495697224908,-0.1016541466914097,0.03858744961470613,0.012003525615595603,-0.11497898281939899
e14,0.023546700087082068,-0.022410260931518676,-0.03475078403024385,-0.005022774983607153,0.04292063095790722,-0.2185060475296865,-0.04731405735033514,-0.0027811013219055936,-0.032491341061120754,-0.0800654922273423,-0.14231757612312682,-0.1908918957468142,0.2771623401397867,-0.005480308817688177,-0.020744057041310368,0.08923910644758881,-0.12930259874296024,1.0,0.07285487226053108,-0.06333355260435243,-0.2104375887425752,-0.016586057440822234,0.13349726886627605,0.08025890419282994,-0.13824360685037143,0.04023163254735807,0.1470536752987063,0.07084774281319246,0.12160535129461292,0.13613885680118878,0.09478111797729137,0.12498368919178833,0.1214273320279338,-0.00757276138056568,-0.04638434284149305,0.27441562757010585
e15,0.0363649008535655,-0.053986821854434666,0.010673893690579285,0.13384690877257388,-0.06394065132958174,-0.12307423167216747,0.044952497458836026,0.04573187759080354,-0.02608389706284276,-0.004315253968851896,-0.025543890989859604,-0.018523887274336362,0.12084487581805514,-0.025118639059485776,0.041833128085484325,0.09794437980604354,-0.029139702403293114,0.07285487226053108,1.0,-0.03249879053515606,-0.003522190823368446,-0.039580209205435875,0.2503549475179673,-0.04955571944038156,-0.05986552681881735,-0.10066065947410666,0.2149741970434571,0.13724635944575753,0.04409593109790878,-0.027235953739889466,0.21037069332114194,0.01923089579597706,-0.009469530227415654,0.045713421266389165,-0.03179784953284766,-0.13920917524272156
e16,-0.018527042931266356,0.07327798525789037,-0.06674628596937639,-0.034790688053369274,-0.11900601306207786,0.09729947787362615,0.04674195457865351,-0.04458712213308286,-0.057591288578151434,0.019623166772494604,0.040039192069466295,-0.08527578807614544,-0.11622461216051597,-0.017093701100787253,-0.08914044005250714,-0.09776090835047238,0.17864073453265356,-0.06333355260435243,-0.03249879053515606,1.0,-0.02652680934838238,-0.04919217417909723,-0.08491786497171314,-0.1607341563578334,-0.03493222133197624,-0.04006176700996199,-0.0829496539989897,-0.06254421076500519,0.03571397975234936,-0.02435618202316373,-0.01360566772197543,0.06896221133977719,-0.014355952160348563,0.08028534114192754,0.059157028912834475,-0.03029125305446601
e17,-0.035676017235081445,-0.01167274495412003,-0.04541752826217281,-0.008911048207055459,0.05888257296069301,0.0033253329881120924,0.22927320779440352,0.018928527666421807,-0.01506942100236082,0.11315163061094272,0.16615114609060122,0.17867617116822465,-0.31089121888915333,0.006201412156844997,0.08751464961528235,0.02659665154586239,-0.07931185927460774,-0.2104375887425752,-0.003522190823368446,-0.02652680934838238,1.0,0.0983045845523741,0.043772738377883466,0.18726862633848765,0.14327028377765078,-0.046114362918163766,0.12341240757905468,0.013855095532186865,-0.05819049391712813,-0.09370826122447996,-0.1522386030385106,-0.10468827536405159,-0.032429413184484175,-0.050357145566894204,0.14254056665203718,-0.17126303442204388
e18,0.22955781451743223,0.10158732316265043,0.13701021302372807,0.014453760310449188,0.10483446032437124,-0.03409892652907712,0.2006511471359867,0.17819877487845384,0.11498906689375346,0.014896841328049394,-0.05670414343117049,0.055427744639941726,-0.04593274726007028,-0.024589275715309163,-0.09240704234314812,0.08854380068008322,-0.073986953488057,-0.016586057440822234,-0.039580209205435875,-0.04919217417909723,0.0983045845523741,1.0,0.08864436221281946,-0.025225055441214648,-0.1316847957668768,-0.15434243850313997,0.10473099589578194,0.17650205328759028,0.11396144408116105,0.08319437301425191,-0.24741241305287037,-0.049142471576321387,0.02542461860003109,-0.18631331198370665,-0.008788998282481378,-0.01186548715168742
e19,0.040606201570926204,-0.03489974778574768,0.09558726215767921,0.12304877767612901,0.029714426707068163,0.01771848130719316,0.11179546742497762,0.09192187932599592,0.06554992590918722,-0.0009357902919547578,0.03496982820308407,-0.08572350242181714,0.06935594916323319,-0.06709418026294289,-0.07895134801747944,0.15790395729514417,-0.12868769986038217,0.13349726886627605,0.2503549475179673,-0.08491786497171314,0.043772738377883466,0.08864436221281946,1.0,-0.05253094663063626,-0.19983938158401446,-0.1389406553052843,0.18907443849194844,0.10065600568496101,0.2796285116549867,0.046052735166296765,0.06484139744964662,0.01646142163930341,-0.09646411343953581,-0.20168503375733615,-0.10130586540579213,-0.1265584646345932
e20,-0.18765783809390862,0.10428379812715463,0.07170065045885284,0.14465065522137133,0.17490442872044967,0.06899622899247637,-0.007741674266474414,-0.20483977628719438,-0.12020864307777093,-0.007138520507158012,0.01409419586025269,-0.06461202390868456,-0.09949517036091902,-0.1174655584956118,-0.02400942718448651,0.05936757181343448,-0.09929585101583435,0.08025890419282994,-0.04955571944038156,-0.1607341563578334,0.18726862633848765,-0.025225055441214648,-0.05253094663063626,1.0,0.08749221027490282,-0.06232425837916462,-0.008612439599202514,0.016811803071985112,-0.12305024427983358,-0.0325979365380986,-0.0737032291236226,-0.1166545485864147,-0.009178959272692643,-0.08813695645706413,0.20958332702022453,0.062231208034596544
e21,-0.03741770971500281,-0.05198002452097684,-0.04707433171637492,-0.11691280080687567,-0.0926627492541148,-0.06530360275572211,-0.04060132462990416,-0.1651330339405423,-0.02551525042001028,0.08893864626011286,0.004099200760678483,0.03570840064972903,-0.13737625363403524,0.13183960386817803,0.0982537818051877,-0.06859871674861814,0.10050690216668468,-0.13824360685037143,-0.05986552681881735,-0.03493222133197624,0.14327028377765078,-0.1316847957668768,-0.19983938158401446,0.08749221027490282,1.0,0.22715454375236843,-0.12339571249839823,-0.24833541298362233,-0.06643599197932225,-0.157226902815661,0.04655103863804225,-0.08602226195508232,-0.16421532839103595,0.18644283721983768,0.029374799867095548,-0.10660644694758864
e22,-0.15642866674595657,-0.04870838678912148,0.052714633786040216,-0.09100354616893455,-0.05524940266523912,0.09010620534717317,-0.02856063106407829,-0.06404793421849894,0.08775236303289177,-0.09576332875553414,0.06908891192123698,-0.07462211687272068,-0.07304827836653585,0.06613120925623121,-0.10356213754915808,-0.026766826091537556,0.02486929223081416,0.04023163254735807,-0.10066065947410666,-0.04006176700996199,-0.046114362918163766,-0.15434243850313997,-0.1389406553052843,-0.06232425837916462,0.22715454375236843,1.0,-0.22297809494951842,0.01842730384356417,-0.1505322059453892,-0.005129044218490385,0.24600245706209029,-0.05827022602200274,-0.13238022271094768,0.13215828485830378,-0.168866737379655,0.12981883891440404
e23,0.09783833572835801,-0.04258420557126229,0.000629157603233974,0.00891356541683427,-0.0948657980217594,0.027156414286513768,0.13989926366553296,0.17496730693575713,0.18397921291468738,0.03754795220201542,0.16461368254540826,0.10618902185886514,0.07552428431252792,-0.026070339645795075,-0.023841417926961914,0.036105058849460366,-0.16681015186970308,0.1470536752987063,0.2149741970434571,-0.0829496539989897,0.12341240757905468,0.10473099589578194,0.18907443849194844,-0.008612439599202514,-0.12339571249839823,-0.22297809494951842,1.0,0.12236829582198355,-0.09098756196255653,0.03505716501725582,-0.17806645998537296,-0.0740809905919753,0.09902348353092058,-0.04618253402941219,0.15841357490570626,-0.22162764847248848
e24,0.08803868221318312,-0.08669661289764172,-0.07468177742672613,0.07945465595959077,-0.01664029917845233,-0.12554690632237267,0.09510017612350183,0.10550964453989999,0.126108779676944,-0.022082974901074786,0.011804583412941792,0.08110901508407155,-0.07460486607848615,-0.008103071190087532,-0.17799993452049184,0.14504657456798717,-0.0980184657938733,0.07084774281319246,0.13724635944575753,-0.06254421076500519,0.013855095532186865,0.17650205328759028,0.10065600568496101,0.016811803071985112,-0.24833541298362233,0.01842730384356417,0.12236829582198355,1.0,-0.11257188727815465,0.26809494461848427,-0.1500221116616709,-0.1633149851066164,0.09819546829705526,-0.20959542158692104,0.07013805628507341,-0.007823161242939195
e25,0.3153100478618723,0.02361628964594478,0.014923649802855161,0.0585996559184134,-0.03456768121651739,0.09527138047746048,0.039643504103094,0.054253009136993255,0.024216464847072593,0.024122969210480766,-0.16716179738423687,-0.2190915957304449,0.14976411400874204,-0.026045834854125132,-0.1711098616622348,0.033910168091029015,0.0318137545715832,0.12160535129461292,0.04409593109790878,0.03571397975234936,-0.05819049391712813,0.11396144408116105,0.2796285116549867,-0.12305024427983358,-0.06643599197932225,-0.1505322059453892,-0.09098756196255653,-0.11257188727815465,1.0,0.03016438057886774,0.04620324587091556,0.10516891189402931,-0.12960159263810278,-0.07813051973795632,0.025470011371309408,-0.09122533724325943
e26,0.14689706272024006,-0.061255857719078266,-0.14180587377908005,-0.01366012520566972,-0.015522221584702093,-0.09603622133966395,0.03142232365789841,0.128028223848892,0.12119654086654574,0.022614088365637403,0.09748494416238501,0.22445428069253748,0.14674766527924565,-0.04339040710137204,-0.18141263720457365,0.10777204838127658,-0.0024583064322600302,0.13613885680118878,-0.027235953739889466,-0.02435618202316373,-0.09370826122447996,0.08319437301425191,0.046052735166296765,-0.0325979365380986,-0.157226902815661,-0.005129044218490385,0.03505716501725582,0.26809494461848427,0.03016438057886774,1.0,-0.06888250172318063,-0.12739919337572103,0.003283528729816786,-0.21244932909730213,-0.05714451180017256,-0.043774266545985985
e27,-0.025722135463952727,-0.10450645502563635,-0.15705461225864054,-0.012570559601601299,-0.12077364016360123,0.14542008226161743,-0.08984652537234689,-0.16489927585248215,-0.12021454836245421,0.022358959553906235,-0.1586949657809597,-0.20530513360446484,0.12470569483514655,0.11697923919848578,0.007996638295460485,-0.11128415410515025,0.20945270515791659,0.09478111797729137,0.21037069332114194,-0.01360566772197543,-0.1522386030385106,-0.24741241305287037,0.06484139744964662,-0.0737032291236226,0.04655103863804225,0.24600245706209029,-0.17806645998537296,-0.1500221116616709,0.04620324587091556,-0.06888250172318063,1.0,0.06636242580901947,-0.21537665956239113,0.05621177742560798,-0.20104552866291608,0.048110074637420217
e28,0.07500403228394723,0.02567242581720277,0.03616415509414697,-0.005021719277176557,0.1745420976835187,-0.09283300694462843,-0.07075622957263591,0.06885526295691426,0.154284311509157,-0.030371678028545082,-0.08921040589761611,-0.28721572619939595,0.11471117218201168,-0.03869880863498786,0.009489001729976056,-0.0015224411090542928,-0.0018579495697224908,0.12498368919178833,0.01923089579597706,0.06896221133977719,-0.10468827536405159,-0.049142471576321387,0.01646142163930341,-0.1166545485864147,-0.08602226195508232,-0.05827022602200274,-0.0740809905919753,-0.1633149851066164,0.10516891189402931,-0.12739919337572103,0.06636242580901947,1.0,0.026153490720713428,0.12416766958724976,-0.0960218985000044,0.2551305940827393
e29,-0.07073279114572797,-0.05459596618463835,0.0808010867184577,0.03350098969214839,0.16474787858066425,-0.03638422140067642,0.050222843373044675,0.19761417428762074,-0.06790561903010023,0.02109199586594528,-0.09987099106987904,-0.033191281078667825,-0.057021133940233865,-0.023427596258587275,0.04485945764124736,0.04877343161431112,-0.1016541466914097,0.1214273320279338,-0.009469530227415654,-0.014355952160348563,-0.032429413184484175,0.02542461860003109,-0.09646411343953581,-0.009178959272692643,-0.16421532839103595,-0.13238022271094768,0.09902348353092058,0.09819546829705526,-0.12960159263810278,0.003283528729816786,-0.21537665956239113,0.026153490720713428,1.0,0.08548052454490457,0.04984842323767406,0.21636102506622232
e30,0.02303669840643014,-0.2099575285187908,-0.060568774859429186,-0.05751206429425562,-0.005651733359026174,0.02115936835066715,-0.20445365751860467,0.10027261832075793,-0.06829151271527527,0.0515668320170011,-0.08924542871448858,-0.061346959975469385,0.012745243371564295,0.11733946540461326,0.08002426833038431,-0.07698937872912068,0.03858744961470613,-0.00757276138056568,0.045713421266389165,0.08028534114192754,-0.050357145566894204,-0.18631331198370665,-0.20168503375733615,-0.08813695645706413,0.18644283721983768,0.13215828485830378,-0.04618253402941219,-0.20959542158692104,-0.07813051973795632,-0.21244932909730213,0.05621177742560798,0.12416766958724976,0.08548052454490457,1.0,-0.08488665768782909,0.024917676324410987
e31,0.049012593995139006,-0.04043165251749848,0.13770150524007138,-0.03225184937829751,-0.008933185416594235,-0.033521940992009086,-0.002382826008857763,-0.06454891591926437,-0.09111721340514166,0.01865727473084456,0.14101951534751625,0.12900285033083148,-0.08580691394827292,-0.12412875054312386,0.001020247010868447,-0.002494660941841368,0.012003525615595603,-0.04638434284149305,-0.03179784953284766,0.059157028912834475,0.14254056665203718,-0.008788998282481378,-0.10130586540579213,0.20958332702022453,0.029374799867095548,-0.168866737379655,0.15841357490570626,0.07013805628507341,0.025470011371309408,-0.05714451180017256,-0.20104552866291608,-0.0960218985000044,0.04984842323767406,-0.08488665768782909,1.0,-0.08852721489908714
label,-0.18429580261887293,0.1652867703105516,0.20591762124340782,-0.01935421240064243,0.14837942200436705,-0.3736421989986856,-0.08570457825303932,0.01375970962678126,0.13686974665732685,-0.31116366949306196,-0.223138459791221,-0.3411814652111385,0.11890897789606408,0.2176499312653394,0.0323708893838885,-0.18433633427110183,-0.11497898281939899,0.27441562757010585,-0.13920917524272156,-0.03029125305446601,-0.17126303442204388,-0.01186548715168742,-0.1265584646345932,0.062231208034596544,-0.10660644694758864,0.12981883891440404,-0.22162764847248848,-0.007823161242939195,-0.09122533724325943,-0.043774266545985985,0.048110074637420217,0.2551305940827393,0.21636102506622232,0.024917676324410987,-0.08852721489908714,1.0
